[gd_scene format=3 uid="uid://dduh0xuaerkfi"]

[ext_resource type="PackedScene" uid="uid://bgcmobpad10l3" path="res://Player.tscn" id="1_66g24"]
[ext_resource type="Texture2D" uid="uid://dd5bco6gmti0d" path="res://addons/kenney_prototype_textures/dark/texture_04.png" id="1_uu6xs"]
[ext_resource type="Texture2D" uid="uid://el257c1pk1xq" path="res://addons/kenney_prototype_textures/orange/texture_09.png" id="2_fos0i"]
[ext_resource type="Texture2D" uid="uid://doi75lte3muu" path="res://addons/kenney_prototype_textures/purple/texture_09.png" id="3_3dxm6"]
[ext_resource type="PackedScene" uid="uid://c8xje4ckkfe0j" path="res://enemy.tscn" id="3_r0du0"]
[ext_resource type="Texture2D" uid="uid://dpi6fdd6lagpd" path="res://addons/kenney_prototype_textures/green/texture_09.png" id="4_lgr22"]

[sub_resource type="ProceduralSkyMaterial" id="ProceduralSkyMaterial_hvajl"]
sky_top_color = Color(0, 0.466667, 0.752941, 1)
ground_horizon_color = Color(0.64625, 0.65575, 0.67075, 1)

[sub_resource type="Sky" id="Sky_n0oco"]
sky_material = SubResource("ProceduralSkyMaterial_hvajl")

[sub_resource type="Environment" id="Environment_f01wa"]
background_mode = 2
sky = SubResource("Sky_n0oco")
tonemap_mode = 2
glow_enabled = true

[sub_resource type="StandardMaterial3D" id="StandardMaterial3D_fos0i"]
albedo_texture = ExtResource("1_uu6xs")
uv1_triplanar = true

[sub_resource type="StandardMaterial3D" id="StandardMaterial3D_trn2v"]
albedo_texture = ExtResource("2_fos0i")

[sub_resource type="StandardMaterial3D" id="StandardMaterial3D_03owx"]
albedo_texture = ExtResource("3_3dxm6")
uv1_triplanar = true

[sub_resource type="StandardMaterial3D" id="StandardMaterial3D_wkp8b"]
albedo_texture = ExtResource("4_lgr22")
uv1_triplanar = true

[node name="World" type="Node3D" unique_id=493617967]

[node name="DirectionalLight3D" type="DirectionalLight3D" parent="." unique_id=1871598968]
transform = Transform3D(-0.866025, -0.433013, 0.25, 0, 0.5, 0.866025, -0.5, 0.75, -0.433013, 0, 0, 0)
shadow_enabled = true

[node name="WorldEnvironment" type="WorldEnvironment" parent="." unique_id=656519838]
environment = SubResource("Environment_f01wa")

[node name="Map" type="Node3D" parent="." unique_id=1068182272]

[node name="GroundPlane" type="CSGBox3D" parent="Map" unique_id=12840870]
transform = Transform3D(1, 0, 0, 0, 1, 0, 0, 0, 1, 0, -0.5, 0)
material_override = SubResource("StandardMaterial3D_fos0i")
use_collision = true
size = Vector3(100, 1, 100)

[node name="CSGBox3D" type="CSGBox3D" parent="Map" unique_id=149011258]
transform = Transform3D(0.87554044, 0, 0.48314485, 0, 1, 0, -0.48314485, 0, 0.87554044, -1.8773098, 0.5, -4.484215)
material_override = SubResource("StandardMaterial3D_trn2v")
use_collision = true
collision_layer = 5

[node name="CSGBox3D2" type="CSGBox3D" parent="Map" unique_id=400289350]
transform = Transform3D(0.87554044, 0, 0.48314485, 0, 1, 0, -0.48314485, 0, 0.87554044, 10.12269, 1, 3.5157852)
material_override = SubResource("StandardMaterial3D_03owx")
use_collision = true
collision_layer = 5
size = Vector3(2, 2, 2)

[node name="CSGBox3D3" type="CSGBox3D" parent="Map" unique_id=399061602]
transform = Transform3D(0.9491016, 0, -0.31496993, 0, 1, 0, 0.31496993, 0, 0.9491016, -3.877, 1.5, 5.516)
material_override = SubResource("StandardMaterial3D_wkp8b")
use_collision = true
collision_layer = 5
size = Vector3(3, 3, 3)

[node name="CSGBox3D4" type="CSGBox3D" parent="Map" unique_id=127946754]
transform = Transform3D(1, 0, 0, 0, 1, 0, 0, 0, 1, 1, 0.5, -8.028901)
use_collision = true

[node name="CSGBox3D5" type="CSGBox3D" parent="Map" unique_id=787865622]
transform = Transform3D(-3.7855173e-08, 0.5, 0.8660254, 2.1855694e-08, 0.8660254, -0.5, -1, 6.0336846e-16, -4.371139e-08, 11.385902, 0.5, -11.403901)
operation = 2
use_collision = true
size = Vector3(2.25, 1, 4)

[node name="CSGBox3D6" type="CSGBox3D" parent="Map" unique_id=520241577]
transform = Transform3D(-4.371139e-08, 0, 1, 6.0336846e-16, 1, 2.6374073e-23, -1, 6.0336846e-16, -4.371139e-08, 6.8859024, 1.5, -8.028901)
operation = 2
use_collision = true
collision_layer = 5
size = Vector3(1, 1, 2.5)

[node name="CSGBox3D7" type="CSGBox3D" parent="Map" unique_id=694104297]
transform = Transform3D(1, 0, 0, 0, 1, 0, 0, 0, 1, 4.672152, 1, -8.028901)
use_collision = true
collision_layer = 5
size = Vector3(2, 2, 2)

[node name="CSGBox3D8" type="CSGBox3D" parent="Map" unique_id=1702077631]
transform = Transform3D(1, 0, 0, 0, 1, 0, 0, 0, 1, 8.940594, 1, -9.84753)
use_collision = true
collision_layer = 5
size = Vector3(2, 2, 6)

[node name="CharacterBody3D" parent="." unique_id=1816453360 instance=ExtResource("1_66g24")]

[node name="Enemy" parent="." unique_id=1108166452 instance=ExtResource("3_r0du0")]
transform = Transform3D(1, 0, 0, 0, 1, 0, 0, 0, 1, 0, 0.5, -4)

[node name="Enemy2" parent="." unique_id=717081223 instance=ExtResource("3_r0du0")]
transform = Transform3D(1, 0, 0, 0, 1, 0, 0, 0, 1, 13, 0.5, -0.75)
